accelaration accelaration accelaration
-0.225920 -0.129484 0.377047
-0.225716 -0.123206 0.380992
-0.225385 -0.116911 0.384856
-0.224924 -0.110602 0.388638
-0.224336 -0.104283 0.392337
-0.223619 -0.097955 0.395953
-0.222773 -0.091622 0.399484
-0.221799 -0.085287 0.402930
-0.220697 -0.078953 0.406290
-0.219466 -0.072622 0.409564
-0.218108 -0.066298 0.412750
-0.216623 -0.059983 0.415848
-0.215010 -0.053680 0.418857
-0.213271 -0.047393 0.421776
-0.211406 -0.041123 0.424605
-0.209415 -0.034874 0.427344
-0.207300 -0.028648 0.429991
-0.205060 -0.022449 0.432547
-0.202697 -0.016279 0.435009
-0.200212 -0.010141 0.437379
-0.197604 -0.004038 0.439655
-0.194877 0.002027 0.441837
-0.192029 0.008053 0.443924
-0.189063 0.014035 0.445916
-0.185979 0.019972 0.447813
-0.182780 0.025860 0.449613
-0.179465 0.031698 0.451317
-0.176036 0.037481 0.452925
-0.172495 0.043209 0.454435
-0.168843 0.048878 0.455848
-0.165081 0.054485 0.457163
-0.161212 0.060029 0.458380
-0.157236 0.065507 0.459498
-0.153155 0.070916 0.460518
-0.148972 0.076254 0.461439
-0.144687 0.081518 0.462261
-0.140302 0.086707 0.462984
-0.135820 0.091817 0.463607
-0.131242 0.096848 0.464131
-0.126570 0.101796 0.464555
-0.121806 0.106659 0.464879
-0.116952 0.111435 0.465103
-0.112011 0.116123 0.465227
-0.106983 0.120720 0.465251
-0.101872 0.125224 0.465176
-0.096680 0.129633 0.465000
-0.091409 0.133945 0.464724
-0.086061 0.138159 0.464348
-0.080639 0.142272 0.463873
-0.075144 0.146284 0.463297
-0.069580 0.150191 0.462622
-0.063948 0.153994 0.461848
-0.058252 0.157689 0.460974
-0.052494 0.161276 0.460001
-0.046675 0.164752 0.458929
-0.040800 0.168118 0.457758
-0.034870 0.171370 0.456489
-0.028887 0.174508 0.455121
-0.022856 0.177531 0.453656
-0.016778 0.180438 0.452093
-0.010656 0.183226 0.450433
-0.004493 0.185896 0.448676
0.001709 0.188446 0.446823
0.007946 0.190876 0.444873
0.014217 0.193183 0.442828
0.020517 0.195368 0.440687
0.026845 0.197430 0.438452
0.033197 0.199368 0.436122
0.039570 0.201181 0.433698
0.045963 0.202868 0.431182
0.052371 0.204430 0.428572
0.058793 0.205866 0.425871
0.065224 0.207175 0.423077
0.071662 0.208357 0.420193
0.078105 0.209411 0.417219
0.084550 0.210338 0.414155
0.090992 0.211137 0.411002
0.097430 0.211809 0.407761
0.103861 0.212353 0.404432
0.110282 0.212769 0.401016
0.116689 0.213057 0.397514
0.123080 0.213217 0.393927
0.129453 0.213251 0.390255
0.135803 0.213157 0.386500
0.142129 0.212937 0.382661
0.148427 0.212590 0.378741
0.154695 0.212118 0.374739
0.160929 0.211520 0.370657
0.167127 0.210798 0.366495
0.173286 0.209951 0.362255
0.179403 0.208982 0.357937
0.185476 0.207890 0.353543
0.191501 0.206676 0.349073
0.197477 0.205342 0.344528
0.203399 0.203887 0.339909
0.209266 0.202314 0.335218
0.215075 0.200624 0.330455
0.220823 0.198816 0.325621
0.226508 0.196894 0.320718
0.232126 0.194857 0.315746
0.237676 0.192708 0.310707
0.243155 0.190447 0.305602
0.248561 0.188076 0.300431
0.253890 0.185596 0.295196
0.259141 0.183010 0.289899
0.264311 0.180318 0.284539
0.269398 0.177522 0.279119
0.274399 0.174624 0.273640
0.279312 0.171626 0.268102
0.284136 0.168529 0.262507
0.288867 0.165335 0.256857
0.293503 0.162047 0.251152
0.298044 0.158665 0.245394
0.302485 0.155192 0.239583
0.306826 0.151631 0.233722
0.311065 0.147982 0.227812
0.315199 0.144248 0.221853
0.319226 0.140432 0.215847
0.323146 0.136535 0.209796
0.326955 0.132560 0.203700
0.330653 0.128509 0.197561
0.334238 0.124384 0.191381
0.337707 0.120187 0.185161
0.341060 0.115922 0.178901
0.344295 0.111589 0.172604
0.347411 0.107193 0.166271
0.350405 0.102734 0.159903
0.353277 0.098217 0.153502
0.356026 0.093642 0.147068
0.358650 0.089013 0.140604
0.361148 0.084333 0.134111
0.363519 0.079603 0.127589
0.365761 0.074827 0.121042
0.367875 0.070007 0.114469
0.369859 0.065146 0.107873
0.371711 0.060247 0.101254
0.373432 0.055312 0.094615
0.375021 0.050343 0.087956
0.376476 0.045345 0.081280
0.377797 0.040318 0.074587
0.378984 0.035267 0.067879
0.380036 0.030194 0.061158
0.380953 0.025102 0.054424
0.381733 0.019993 0.047680
0.382378 0.014870 0.040927
0.382887 0.009737 0.034166
0.383259 0.004596 0.027399
0.383494 -0.000551 0.020626
0.383593 -0.005700 0.013851
0.383555 -0.010849 0.007073
0.383380 -0.015994 0.000295
0.383069 -0.021134 -0.006482
0.382622 -0.026265 -0.013256
0.382038 -0.031384 -0.020027
0.381319 -0.036488 -0.026792
0.380464 -0.041576 -0.033551
0.379474 -0.046643 -0.040301
0.378350 -0.051687 -0.047042
0.377092 -0.056707 -0.053772
0.375701 -0.061697 -0.060489
0.374177 -0.066657 -0.067192
0.372521 -0.071583 -0.073880
0.370734 -0.076473 -0.080551
0.368817 -0.081323 -0.087204
0.366771 -0.086132 -0.093837
0.364596 -0.090896 -0.100449
0.362294 -0.095613 -0.107039
0.359866 -0.100281 -0.113604
0.357313 -0.104896 -0.120145
0.354637 -0.109457 -0.126659
0.351837 -0.113961 -0.133145
0.348917 -0.118404 -0.139601
0.345877 -0.122786 -0.146027
0.342719 -0.127102 -0.152421
0.339443 -0.131352 -0.158781
0.336053 -0.135532 -0.165107
0.332548 -0.139641 -0.171396
0.328932 -0.143676 -0.177648
0.325205 -0.147634 -0.183861
0.321370 -0.151514 -0.190035
0.317428 -0.155313 -0.196166
0.313381 -0.159029 -0.202255
0.309231 -0.162660 -0.208301
0.304979 -0.166205 -0.214301
0.300629 -0.169660 -0.220254
0.296181 -0.173024 -0.226160
0.291639 -0.176296 -0.232017
0.287003 -0.179472 -0.237824
0.282277 -0.182552 -0.243579
0.277462 -0.185534 -0.249282
0.272561 -0.188415 -0.254931
0.267575 -0.191195 -0.260525
0.262508 -0.193871 -0.266063
0.257361 -0.196442 -0.271544
0.252138 -0.198906 -0.276966
0.246840 -0.201262 -0.282329
0.241469 -0.203508 -0.287631
0.236029 -0.205644 -0.292871
0.230522 -0.207667 -0.298049
0.224950 -0.209577 -0.303162
0.219316 -0.211372 -0.308211
0.213622 -0.213051 -0.313194
0.207872 -0.214612 -0.318109
0.202067 -0.216056 -0.322957
0.196211 -0.217381 -0.327735
0.190306 -0.218585 -0.332444
0.184354 -0.219669 -0.337081
0.178359 -0.220631 -0.341646
0.172324 -0.221470 -0.346139
0.166250 -0.222186 -0.350558
0.160142 -0.222779 -0.354902
0.154001 -0.223246 -0.359170
0.147830 -0.223589 -0.363361
0.141633 -0.223807 -0.367476
0.135411 -0.223898 -0.371512
0.129169 -0.223864 -0.375469
0.122908 -0.223703 -0.379346
0.116632 -0.223415 -0.383143
0.110343 -0.223001 -0.386858
0.104044 -0.222459 -0.390491
0.097739 -0.221791 -0.394041
0.091429 -0.220996 -0.397507
0.085118 -0.220074 -0.400889
0.078809 -0.219025 -0.404186
0.072505 -0.217850 -0.407397
0.066207 -0.216548 -0.410522
0.059920 -0.215121 -0.413560
0.053646 -0.213568 -0.416510
0.047388 -0.211891 -0.419372
0.041148 -0.210088 -0.422145
0.034930 -0.208162 -0.424829
0.028736 -0.206113 -0.427423
0.022569 -0.203941 -0.429926
0.016432 -0.201647 -0.432339
0.010327 -0.199232 -0.434660
0.004257 -0.196697 -0.436889
-0.001775 -0.194042 -0.439026
-0.007766 -0.191270 -0.441070
-0.013714 -0.188380 -0.443021
-0.019616 -0.185374 -0.444878
-0.025470 -0.182254 -0.446642
-0.031272 -0.179019 -0.448311
-0.037021 -0.175672 -0.449885
-0.042714 -0.172214 -0.451365
-0.048348 -0.168646 -0.452749
-0.053921 -0.164970 -0.454038
-0.059431 -0.161187 -0.455231
-0.064875 -0.157299 -0.456328
-0.070250 -0.153307 -0.457329
-0.075554 -0.149213 -0.458233
-0.080786 -0.145019 -0.459041
-0.085942 -0.140726 -0.459752
-0.091021 -0.136336 -0.460367
-0.096020 -0.131851 -0.460884
-0.100937 -0.127272 -0.461304
-0.105771 -0.122603 -0.461627
-0.110518 -0.117844 -0.461853
-0.115177 -0.112998 -0.461982
-0.119746 -0.108067 -0.462013
-0.124224 -0.103053 -0.461947
-0.128607 -0.097958 -0.461784
-0.132895 -0.092783 -0.461524
-0.137085 -0.087533 -0.461166
-0.141176 -0.082208 -0.460712
-0.145166 -0.076811 -0.460161
-0.149054 -0.071344 -0.459512
-0.152837 -0.065810 -0.458767
-0.156515 -0.060210 -0.457926
-0.160085 -0.054549 -0.456988
-0.163547 -0.048827 -0.455954
-0.166898 -0.043047 -0.454824
-0.170138 -0.037213 -0.453599
-0.173266 -0.031326 -0.452278
-0.176279 -0.025389 -0.450862
-0.179177 -0.019404 -0.449351
-0.181959 -0.013375 -0.447745
-0.184624 -0.007303 -0.446046
-0.187170 -0.001193 -0.444252
-0.189598 0.004955 -0.442365
-0.191905 0.011137 -0.440385
-0.194091 0.017350 -0.438313
-0.196155 0.023592 -0.436148
-0.198097 0.029859 -0.433891
-0.199916 0.036150 -0.431543
-0.201611 0.042461 -0.429104
-0.203182 0.048789 -0.426575
-0.204628 0.055133 -0.423956
-0.205949 0.061488 -0.421248
-0.207144 0.067852 -0.418451
-0.208214 0.074222 -0.415567
-0.209157 0.080596 -0.412594
-0.209975 0.086971 -0.409535
-0.210666 0.093343 -0.406389
-0.211231 0.099710 -0.403158
-0.211669 0.106070 -0.399842
-0.211982 0.112418 -0.396442
-0.212168 0.118753 -0.392958
-0.212228 0.125072 -0.389391
-0.212163 0.131371 -0.385742
-0.211972 0.137648 -0.382012
-0.211656 0.143901 -0.378201
-0.211216 0.150125 -0.374310
-0.210652 0.156320 -0.370341
-0.209964 0.162481 -0.366293
-0.209153 0.168606 -0.362168
-0.208221 0.174692 -0.357966
-0.207167 0.180737 -0.353689
-0.205992 0.186738 -0.349337
-0.204697 0.192691 -0.344911
-0.203283 0.198596 -0.340412
-0.201752 0.204447 -0.335842
-0.200104 0.210245 -0.331200
-0.198340 0.215984 -0.326488
-0.196461 0.221664 -0.321707
-0.194468 0.227281 -0.316858
-0.192364 0.232832 -0.311942
-0.190149 0.238317 -0.306959
-0.187824 0.243731 -0.301912
-0.185390 0.249072 -0.296800
-0.182851 0.254338 -0.291626
-0.180206 0.259527 -0.286389
-0.177457 0.264637 -0.281092
-0.174606 0.269664 -0.275735
-0.171655 0.274607 -0.270320
-0.168606 0.279463 -0.264846
-0.165459 0.284231 -0.259317
-0.162218 0.288908 -0.253732
-0.158883 0.293491 -0.248093
-0.155457 0.297980 -0.242401
-0.151942 0.302371 -0.236658
-0.148339 0.306664 -0.230864
-0.144651 0.310855 -0.225021
-0.140880 0.314943 -0.219129
-0.137028 0.318926 -0.213191
-0.133096 0.322803 -0.207207
-0.129088 0.326571 -0.201178
-0.125005 0.330229 -0.195106
-0.120850 0.333776 -0.188993
-0.116625 0.337209 -0.182839
-0.112332 0.340527 -0.176645
-0.107974 0.343728 -0.170413
-0.103553 0.346811 -0.164145
-0.099072 0.349776 -0.157841
-0.094532 0.352619 -0.151503
-0.089937 0.355340 -0.145132
-0.085289 0.357938 -0.138730
-0.080591 0.360412 -0.132297
-0.075844 0.362760 -0.125836
-0.071053 0.364982 -0.119347
-0.066218 0.367076 -0.112832
-0.061344 0.369041 -0.106293
-0.056432 0.370876 -0.099729
-0.051485 0.372582 -0.093144
-0.046507 0.374156 -0.086539
-0.041499 0.375598 -0.079914
-0.036464 0.376908 -0.073271
-0.031406 0.378085 -0.066612
-0.026326 0.379128 -0.059937
-0.021228 0.380037 -0.053249
-0.016115 0.380812 -0.046549
-0.010989 0.381451 -0.039838
-0.005853 0.381955 -0.033117
-0.000709 0.382324 -0.026389
0.004439 0.382558 -0.019654
0.009589 0.382655 -0.012913
0.014737 0.382617 -0.006169
0.019881 0.382443 0.000577
0.025019 0.382134 0.007324
0.030147 0.381689 0.014071
0.035263 0.381108 0.020816
0.040363 0.380393 0.027557
0.045446 0.379543 0.034294
0.050508 0.378558 0.041025
0.055546 0.377440 0.047747
0.060559 0.376188 0.054461
0.065542 0.374804 0.061164
0.070494 0.373287 0.067856
0.075411 0.371639 0.074534
0.080291 0.369860 0.081197
0.085131 0.367951 0.087844
0.089929 0.365913 0.094473
0.094681 0.363747 0.101084
0.099386 0.361454 0.107673
0.104041 0.359035 0.114242
0.108643 0.356492 0.120786
0.113189 0.353824 0.127307
0.117677 0.351034 0.133801
0.122105 0.348122 0.140268
0.126469 0.345091 0.146706
0.130769 0.341941 0.153114
0.135000 0.338674 0.159490
0.139162 0.335291 0.165833
0.143250 0.331794 0.172142
0.147264 0.328185 0.178416
0.151201 0.324466 0.184652
0.155059 0.320637 0.190850
0.158835 0.316701 0.197009
0.162527 0.312659 0.203126
0.166133 0.308514 0.209201
0.169651 0.304267 0.215233
0.173080 0.299920 0.221219
0.176416 0.295476 0.227160
0.179659 0.290936 0.233053
0.182805 0.286302 0.238897
0.185854 0.281577 0.244691
0.188804 0.276762 0.250434
0.191652 0.271860 0.256124
0.194397 0.266874 0.261760
0.197038 0.261804 0.267342
0.199572 0.256655 0.272867
0.201998 0.251428 0.278335
0.204315 0.246125 0.283744
0.206522 0.240749 0.289094
0.208616 0.235303 0.294382
0.210596 0.229789 0.299609
0.212462 0.224209 0.304772
0.214211 0.218566 0.309871
0.215844 0.212863 0.314904
0.217357 0.207102 0.319871
0.218752 0.201286 0.324770
0.220025 0.195417 0.329601
0.221178 0.189499 0.334362
0.222208 0.183534 0.339051
0.223114 0.177524 0.343669
0.223897 0.171473 0.348214
0.224555 0.165383 0.352686
0.225088 0.159257 0.357082
0.225495 0.153098 0.361403
0.225775 0.146909 0.365646
0.225928 0.140692 0.369813
0.225954 0.134451 0.373900
0.225852 0.128188 0.377908
0.225623 0.121905 0.381836
0.225265 0.115607 0.385682
0.224778 0.109296 0.389446
0.224164 0.102974 0.393127
0.223420 0.096645 0.396725
0.222549 0.090311 0.400237
0.221549 0.083976 0.403665
0.220420 0.077642 0.407006
0.219164 0.071312 0.410261
0.217780 0.064989 0.413428
0.216269 0.058676 0.416506
0.214630 0.052376 0.419496
0.212866 0.046091 0.422396
0.210975 0.039825 0.425206
0.208959 0.033580 0.427925
0.206818 0.027360 0.430552
0.204553 0.021166 0.433087
0.202166 0.015002 0.435530
0.199655 0.008871 0.437879
0.197024 0.002775 0.440135
0.194271 -0.003283 0.442297
0.191400 -0.009300 0.444363
0.188410 -0.015273 0.446335
0.185302 -0.021201 0.448211
0.182079 -0.027079 0.449990
0.178741 -0.032906 0.451674
0.175289 -0.038679 0.453260
0.171726 -0.044395 0.454749
0.168052 -0.050052 0.456141
0.164268 -0.055647 0.457435
0.160377 -0.061177 0.458630
0.156380 -0.066641 0.459728
0.152278 -0.072036 0.460726
0.148074 -0.077359 0.461626
0.143768 -0.082609 0.462426
0.139364 -0.087782 0.463127
0.134862 -0.092877 0.463729
0.130265 -0.097891 0.464231
0.125574 -0.102822 0.464633
0.120792 -0.107668 0.464936
0.115920 -0.112426 0.465138
0.110961 -0.117096 0.465241
0.105917 -0.121674 0.465243
0.100789 -0.126159 0.465146
0.095581 -0.130548 0.464948
0.090294 -0.134841 0.464651
0.084931 -0.139035 0.464254
0.079494 -0.143128 0.463756
0.073985 -0.147118 0.463159
0.068407 -0.151005 0.462463
0.062763 -0.154786 0.461667
0.057054 -0.158459 0.460772
0.051283 -0.162024 0.459777
0.045453 -0.165478 0.458684
0.039566 -0.168820 0.457492
0.033625 -0.172050 0.456201
0.027633 -0.175165 0.454813
0.021592 -0.178164 0.453326
0.015505 -0.181047 0.451742
0.009375 -0.183812 0.450061
0.003204 -0.186457 0.448283
-0.003005 -0.188983 0.446409
-0.009249 -0.191388 0.444438
-0.015526 -0.193671 0.442372
-0.021832 -0.195831 0.440211
-0.028164 -0.197867 0.437955
-0.034521 -0.199780 0.435605
-0.040898 -0.201567 0.433162
-0.047294 -0.203230 0.430625
-0.053705 -0.204766 0.427995
-0.060128 -0.206176 0.425274
-0.066561 -0.207459 0.422461
-0.073001 -0.208615 0.419557
-0.079444 -0.209644 0.416563
-0.085888 -0.210545 0.413480
-0.092329 -0.211319 0.410308
-0.098766 -0.211964 0.407048
-0.105195 -0.212482 0.403700
-0.111613 -0.212872 0.400265
-0.118017 -0.213134 0.396745
-0.124404 -0.213269 0.393139
-0.130772 -0.213276 0.389449
-0.137117 -0.213157 0.385676
-0.143437 -0.212911 0.381820
-0.149729 -0.212539 0.377881
-0.155990 -0.212041 0.373862
-0.162217 -0.211418 0.369763
-0.168407 -0.210670 0.365584
-0.174557 -0.209799 0.361327
-0.180665 -0.208805 0.356993
-0.186728 -0.207688 0.352582
-0.192743 -0.206449 0.348095
-0.198708 -0.205090 0.343534
-0.204619 -0.203612 0.338900
-0.210474 -0.202015 0.334193
-0.216270 -0.200301 0.329415
-0.222006 -0.198470 0.324566
-0.227677 -0.196524 0.319648
-0.233281 -0.194464 0.314661
-0.238817 -0.192292 0.309608
-0.244281 -0.190009 0.304488
-0.249670 -0.187615 0.299303
-0.254984 -0.185114 0.294055
-0.260218 -0.182506 0.288744
-0.265371 -0.179793 0.283371
-0.270440 -0.176976 0.277938
-0.275423 -0.174058 0.272446
-0.280318 -0.171039 0.266896
-0.285122 -0.167923 0.261289
-0.289834 -0.164709 0.255627
-0.294451 -0.161402 0.249910
-0.298971 -0.158001 0.244140
-0.303392 -0.154510 0.238319
-0.307712 -0.150931 0.232447
-0.311929 -0.147265 0.226526
-0.316041 -0.143514 0.220557
-0.320046 -0.139681 0.214541
-0.323943 -0.135769 0.208480
-0.327730 -0.131778 0.202375
-0.331404 -0.127711 0.196227
-0.334965 -0.123572 0.190038
-0.338411 -0.119361 0.183809
-0.341740 -0.115081 0.177542
-0.344950 -0.110736 0.171237
-0.348040 -0.106327 0.164896
-0.351010 -0.101856 0.158520
-0.353857 -0.097326 0.152112
-0.356580 -0.092741 0.145672
-0.359178 -0.088101 0.139201
-0.361649 -0.083411 0.132702
-0.363994 -0.078671 0.126174
-0.366210 -0.073886 0.119621
-0.368297 -0.069058 0.113043
-0.370254 -0.064189 0.106442
-0.372079 -0.059282 0.099819
-0.373773 -0.054340 0.093175
-0.375334 -0.049365 0.086513
-0.376761 -0.044360 0.079833
-0.378055 -0.039329 0.073137
-0.379214 -0.034273 0.066426
-0.380238 -0.029196 0.059702
-0.381127 -0.024100 0.052966
-0.381879 -0.018988 0.046219
-0.382496 -0.013863 0.039464
-0.382977 -0.008728 0.032702
-0.383320 -0.003585 0.025933
-0.383528 0.001562 0.019160
-0.383598 0.006711 0.012384
-0.383532 0.011860 0.005606
-0.383329 0.017004 -0.001172
-0.382990 0.022142 -0.007948
-0.382514 0.027271 -0.014722
-0.381903 0.032387 -0.021492
-0.381155 0.037488 -0.028256
-0.380273 0.042572 -0.035013
-0.379255 0.047635 -0.041761
-0.378103 0.052674 -0.048500
-0.376818 0.057688 -0.055227
-0.375399 0.062673 -0.061941
-0.373848 0.067626 -0.068641
-0.372165 0.072544 -0.075325
-0.370351 0.077426 -0.081992
-0.368407 0.082268 -0.088641
-0.366334 0.087068 -0.095270
-0.364133 0.091823 -0.101877
-0.361805 0.096531 -0.108462
-0.359351 0.101188 -0.115022
-0.356773 0.105792 -0.121557
-0.354071 0.110341 -0.128065
-0.351246 0.114833 -0.134545
-0.348301 0.119264 -0.140995
-0.345237 0.123633 -0.147414
-0.342054 0.127936 -0.153801
-0.338755 0.132172 -0.160153
-0.335341 0.136338 -0.166471
-0.331813 0.140431 -0.172753
-0.328174 0.144451 -0.178996
-0.324424 0.148393 -0.185201
-0.320567 0.152257 -0.191365
-0.316603 0.156039 -0.197488
-0.312534 0.159738 -0.203568
-0.308363 0.163352 -0.209603
-0.304091 0.166878 -0.215593
-0.299720 0.170315 -0.221537
-0.295253 0.173661 -0.227432
-0.290691 0.176913 -0.233278
-0.286036 0.180070 -0.239074
-0.281291 0.183130 -0.244818
-0.276458 0.186092 -0.250509
-0.271539 0.188952 -0.256146
-0.266537 0.191711 -0.261728
-0.261453 0.194366 -0.267254
-0.256290 0.196915 -0.272722
-0.251051 0.199357 -0.278132
-0.245738 0.201691 -0.283481
-0.240352 0.203915 -0.288770
-0.234898 0.206028 -0.293997
-0.229377 0.208028 -0.299161
-0.223792 0.209915 -0.304261
-0.218145 0.211686 -0.309295
-0.212440 0.213341 -0.314263
-0.206678 0.214879 -0.319164
-0.200862 0.216299 -0.323997
-0.194995 0.217599 -0.328760
-0.189080 0.218779 -0.333453
-0.183119 0.219838 -0.338075
-0.177116 0.220775 -0.342625
-0.171072 0.221590 -0.347102
-0.164991 0.222281 -0.351504
-0.158875 0.222848 -0.355832
-0.152728 0.223290 -0.360084
-0.146551 0.223608 -0.364259
-0.140348 0.223800 -0.368356
-0.134122 0.223866 -0.372375
-0.127875 0.223805 -0.376315
-0.121611 0.223619 -0.380175
-0.115332 0.223305 -0.383954
-0.109040 0.222865 -0.387651
-0.102740 0.222298 -0.391266
-0.096433 0.221604 -0.394798
-0.090123 0.220783 -0.398246
-0.083812 0.219835 -0.401610
-0.077503 0.218761 -0.404888
-0.071200 0.217560 -0.408081
-0.064904 0.216233 -0.411187
-0.058619 0.214780 -0.414206
-0.052348 0.213202 -0.417137
-0.046093 0.211499 -0.419980
-0.039857 0.209671 -0.422734
-0.033643 0.207720 -0.425398
-0.027454 0.205646 -0.427972
-0.021293 0.203449 -0.430456
-0.015162 0.201130 -0.432849
-0.009063 0.198691 -0.435150
-0.003001 0.196131 -0.437359
0.003023 0.193453 -0.439476
0.009006 0.190657 -0.441500
0.014945 0.187743 -0.443431
0.020838 0.184714 -0.445268
0.026681 0.181570 -0.447011
0.032473 0.178313 -0.448659
0.038211 0.174943 -0.450213
0.043893 0.171463 -0.451672
0.049515 0.167873 -0.453036
0.055075 0.164175 -0.454304
0.060572 0.160371 -0.455476
0.066002 0.156462 -0.456553
0.071363 0.152449 -0.457533
0.076653 0.148334 -0.458416
0.081869 0.144120 -0.459203
0.087010 0.139807 -0.459894
0.092073 0.135398 -0.460487
0.097056 0.130894 -0.460983
0.101957 0.126297 -0.461382
0.106773 0.121609 -0.461684
0.111502 0.116833 -0.461889
0.116144 0.111969 -0.461997
0.120695 0.107021 -0.462007
0.125153 0.101990 -0.461920
0.129517 0.096879 -0.461736
0.133786 0.091689 -0.461455
0.137956 0.086424 -0.461076
0.142027 0.081084 -0.460601
0.145996 0.075672 -0.460028
0.149863 0.070192 -0.459359
0.153625 0.064644 -0.458593
0.157281 0.059033 -0.457731
0.160829 0.053359 -0.456773
0.164269 0.047625 -0.455718
0.167598 0.041834 -0.454567
0.170815 0.035989 -0.453321
0.173919 0.030092 -0.451979
0.176910 0.024145 -0.450543
0.179784 0.018151 -0.449011
0.182543 0.012113 -0.447386
0.185184 0.006034 -0.445666
0.187706 -0.000084 -0.443852
0.190109 -0.006239 -0.441945
0.192391 -0.012427 -0.439945
0.194553 -0.018646 -0.437852
0.196592 -0.024893 -0.435667
0.198509 -0.031165 -0.433391
0.200303 -0.037460 -0.431023
0.201973 -0.043775 -0.428565
0.203519 -0.050106 -0.426016
0.204939 -0.056452 -0.423378
0.206235 -0.062809 -0.420650
0.207405 -0.069174 -0.417835
0.208449 -0.075546 -0.414931
0.209367 -0.081920 -0.411939
0.210159 -0.088294 -0.408861
0.210825 -0.094665 -0.405697
0.211364 -0.101031 -0.402447
0.211777 -0.107388 -0.399113
0.212063 -0.113734 -0.395695
0.212224 -0.120065 -0.392193
0.212259 -0.126380 -0.388608
0.212168 -0.132675 -0.384941
0.211952 -0.138947 -0.381194
0.211611 -0.145193 -0.377365
0.211145 -0.151412 -0.373458
0.210556 -0.157599 -0.369471
0.209843 -0.163753 -0.365407
0.209008 -0.169870 -0.361265
0.208050 -0.175948 -0.357047
0.206971 -0.181984 -0.352753
0.205772 -0.187975 -0.348385
0.204453 -0.193918 -0.343944
0.203016 -0.199812 -0.339429
0.201460 -0.205653 -0.334843
0.199789 -0.211438 -0.330186
0.198001 -0.217165 -0.325459
0.196099 -0.222832 -0.320663
0.194084 -0.228436 -0.315800
0.191957 -0.233974 -0.310869
0.189719 -0.239443 -0.305872
0.187372 -0.244842 -0.300811
0.184917 -0.250168 -0.295686
0.182356 -0.255419 -0.290498
0.179690 -0.260592 -0.285248
0.176920 -0.265684 -0.279938
0.174049 -0.270694 -0.274568
0.171078 -0.275619 -0.269140
0.168008 -0.280458 -0.263654
0.164843 -0.285207 -0.258113
0.161582 -0.289864 -0.252516
0.158229 -0.294428 -0.246866
0.154784 -0.298897 -0.241163
0.151251 -0.303268 -0.235408
0.147631 -0.307540 -0.229603
0.143926 -0.311710 -0.223750
0.140138 -0.315776 -0.217848
0.136270 -0.319738 -0.211899
0.132322 -0.323592 -0.205906
0.128299 -0.327338 -0.199868
0.124201 -0.330973 -0.193787
0.120032 -0.334496 -0.187664
0.115793 -0.337905 -0.181501
0.111486 -0.341199 -0.175300
0.107115 -0.344377 -0.169060
0.102682 -0.347436 -0.162784
0.098188 -0.350375 -0.156472
0.093637 -0.353193 -0.150127
0.089031 -0.355889 -0.143749
0.084373 -0.358462 -0.137340
0.079665 -0.360910 -0.130901
0.074909 -0.363232 -0.124434
0.070108 -0.365427 -0.117939
0.065265 -0.367494 -0.111419
0.060383 -0.369433 -0.104874
0.055464 -0.371242 -0.098306
0.050511 -0.372920 -0.091716
0.045526 -0.374467 -0.085106
0.040512 -0.375882 -0.078477
0.035473 -0.377165 -0.071831
0.030410 -0.378314 -0.065168
0.025327 -0.379330 -0.058491
0.020225 -0.380211 -0.051800
0.015109 -0.380957 -0.045097
0.009981 -0.381569 -0.038384
0.004843 -0.382046 -0.031662
-0.000302 -0.382386 -0.024932
-0.005451 -0.382592 -0.018195
-0.010600 -0.382661 -0.011454
-0.015748 -0.382595 -0.004709
-0.020891 -0.382393 0.002037
-0.026027 -0.382056 0.008785
-0.031153 -0.381583 0.015531
-0.036266 -0.380975 0.022275
-0.041363 -0.380231 0.029016
-0.046441 -0.379354 0.035751
-0.051499 -0.378341 0.042480
-0.056532 -0.377195 0.049201
-0.061539 -0.375916 0.055913
-0.066516 -0.374504 0.062614
-0.071460 -0.372961 0.069302
-0.076370 -0.371285 0.075977
-0.081242 -0.369480 0.082637
-0.086074 -0.367544 0.089280
-0.090863 -0.365480 0.095906
-0.095606 -0.363288 0.102512
-0.100301 -0.360969 0.109097
-0.104945 -0.358524 0.115660
-0.109536 -0.355954 0.122200
-0.114070 -0.353261 0.128715
-0.118546 -0.350446 0.135203
-0.122961 -0.347509 0.141664
-0.127313 -0.344453 0.148095
-0.131599 -0.341279 0.154496
-0.135816 -0.337988 0.160866
-0.139963 -0.334582 0.167202
-0.144037 -0.331062 0.173503
-0.148035 -0.327430 0.179769
-0.151956 -0.323687 0.185997
-0.155797 -0.319836 0.192186
-0.159556 -0.315878 0.198336
-0.163231 -0.311815 0.204445
-0.166819 -0.307648 0.210510
-0.170319 -0.303380 0.216532
-0.173729 -0.299013 0.222509
-0.177047 -0.294549 0.228439
-0.180270 -0.289989 0.234322
-0.183397 -0.285336 0.240155
-0.186426 -0.280592 0.245938
-0.189355 -0.275759 0.251670
-0.192182 -0.270840 0.257348
-0.194906 -0.265836 0.262973
-0.197525 -0.260750 0.268542
-0.200038 -0.255584 0.274055
-0.202442 -0.250341 0.279511
-0.204736 -0.245023 0.284907
-0.206920 -0.239632 0.290244
-0.208991 -0.234171 0.295519
-0.210948 -0.228643 0.300732
-0.212790 -0.223050 0.305881
-0.214516 -0.217394 0.310966
-0.216124 -0.211679 0.315985
-0.217614 -0.205906 0.320937
-0.218984 -0.200079 0.325822
-0.220233 -0.194200 0.330637
-0.221360 -0.188271 0.335383
-0.222365 -0.182296 0.340057
-0.223247 -0.176278 0.344659
-0.224004 -0.170218 0.349188
-0.224637 -0.164121 0.353644
-0.225144 -0.157988 0.358024
-0.225525 -0.151822 0.362328
-0.225780 -0.145627 0.366555
-0.225907 -0.139404 0.370704
-0.225907 -0.133158 0.374774
-0.225779 -0.126890 0.378765
-0.225524 -0.120604 0.382675
-0.225140 -0.114303 0.386503
