velocity(x) velocity(y) velocity(z)
-1262.981190 -1872.752664 -1855.768913
-1285.564079 -1885.387313 -1817.866257
-1308.120193 -1897.393279 -1779.573147
-1330.636705 -1908.769040 -1740.897733
-1353.100775 -1919.513363 -1701.848253
-1375.499557 -1929.625303 -1662.433026
-1397.820202 -1939.104205 -1622.660452
-1420.049864 -1947.949702 -1582.539010
-1442.175713 -1956.161715 -1542.077256
-1464.184931 -1963.740455 -1501.283824
-1486.064729 -1970.686421 -1460.167418
-1507.802346 -1977.000400 -1418.736816
-1529.385056 -1982.683467 -1377.000866
-1550.800178 -1987.736984 -1334.968484
-1572.035079 -1992.162599 -1292.648650
-1593.077182 -1995.962243 -1250.050411
-1613.913971 -1999.138133 -1207.182874
-1634.532996 -2001.692770 -1164.055208
-1654.921885 -2003.628933 -1120.676638
-1675.068341 -2004.949683 -1077.056447
-1694.960156 -2005.658360 -1033.203972
-1714.585214 -2005.758577 -989.128600
-1733.931497 -2005.254225 -944.839772
-1752.987088 -2004.149465 -900.346973
-1771.740185 -2002.448731 -855.659736
-1790.179099 -2000.156722 -810.787639
-1808.292262 -1997.278405 -765.740298
-1826.068235 -1993.819008 -720.527373
-1843.495711 -1989.784019 -675.158558
-1860.563522 -1985.179187 -629.643584
-1877.260646 -1980.010510 -583.992216
-1893.576208 -1974.284243 -538.214250
-1909.499490 -1968.006885 -492.319508
-1925.019934 -1961.185181 -446.317843
-1940.127148 -1953.826119 -400.219129
-1954.810912 -1945.936923 -354.033266
-1969.061181 -1937.525053 -307.770171
-1982.868091 -1928.598197 -261.439780
-1996.221965 -1919.164271 -215.052048
-2009.113318 -1909.231415 -168.616938
-2021.532859 -1898.807985 -122.144429
-2033.471499 -1887.902551 -75.644508
-2044.920353 -1876.523896 -29.127169
-2055.870747 -1864.681006 17.397590
-2066.314219 -1852.383068 63.919768
-2076.242527 -1839.639466 110.429362
-2085.647651 -1826.459775 156.916373
-2094.521799 -1812.853758 203.370805
-2102.857406 -1798.831359 249.782668
-2110.647144 -1784.402698 296.141981
-2117.883924 -1769.578069 342.438773
-2124.560896 -1754.367931 388.663087
-2130.671457 -1738.782906 434.804979
-2136.209253 -1722.833769 480.854525
-2141.168180 -1706.531450 526.801820
-2145.542392 -1689.887021 572.636978
-2149.326298 -1672.911694 618.350140
-2152.514571 -1655.616818 663.931471
-2155.102145 -1638.013868 709.371167
-2157.084223 -1620.114441 754.659451
-2158.456276 -1601.930253 799.786581
-2159.214045 -1583.473130 844.742849
-2159.353546 -1564.755004 889.518584
-2158.871072 -1545.787905 934.104155
-2157.763191 -1526.583957 978.489971
-2156.026753 -1507.155373 1022.666485
-2153.658887 -1487.514444 1066.624195
-2150.657008 -1467.673537 1110.353648
-2147.018813 -1447.645089 1153.845438
-2142.742285 -1427.441600 1197.090214
-2137.825695 -1407.075625 1240.078676
-2132.267601 -1386.559770 1282.801583
-2126.066850 -1365.906684 1325.249750
-2119.222579 -1345.129056 1367.414052
-2111.734214 -1324.239604 1409.285426
-2103.601472 -1303.251073 1450.854873
-2094.824364 -1282.176226 1492.113463
-2085.403187 -1261.027837 1533.052329
-2075.338534 -1239.818689 1573.662678
-2064.631286 -1218.561563 1613.935786
-2053.282616 -1197.269233 1653.863006
-2041.293987 -1175.954462 1693.435765
-2028.667154 -1154.629992 1732.645567
-2015.404160 -1133.308541 1771.483997
-2001.507335 -1112.002795 1809.942720
-1986.979300 -1090.725399 1848.013485
-1971.822959 -1069.488959 1885.688126
-1956.041506 -1048.306025 1922.958565
-1939.638414 -1027.189095 1959.816810
-1922.617441 -1006.150602 1996.254961
-1904.982627 -985.202908 2032.265211
-1886.738289 -964.358303 2067.839844
-1867.889023 -943.628995 2102.971243
-1848.439698 -923.027103 2137.651884
-1828.395459 -902.564656 2171.874346
-1807.761719 -882.253580 2205.631306
-1786.544162 -862.105699 2238.915544
-1764.748736 -842.132726 2271.719942
-1742.381652 -822.346255 2304.037489
-1719.449382 -802.757761 2335.861280
-1695.958656 -783.378588 2367.184517
-1671.916457 -764.219948 2398.000514
-1647.330020 -745.292915 2428.302693
-1622.206827 -726.608416 2458.084592
-1596.554606 -708.177230 2487.339860
-1570.381324 -690.009981 2516.062261
-1543.695187 -672.117131 2544.245679
-1516.504632 -654.508979 2571.884112
-1488.818328 -637.195652 2598.971679
-1460.645170 -620.187100 2625.502620
-1431.994270 -603.493097 2651.471294
-1402.874964 -587.123227 2676.872186
-1373.296794 -571.086888 2701.699903
-1343.269517 -555.393282 2725.949178
-1312.803089 -540.051412 2749.614869
-1281.907668 -525.070077 2772.691963
-1250.593606 -510.457871 2795.175573
-1218.871446 -496.223173 2817.060945
-1186.751914 -482.374150 2838.343452
-1154.245918 -468.918745 2859.018599
-1121.364539 -455.864680 2879.082024
-1088.119031 -443.219449 2898.529499
-1054.520810 -430.990316 2917.356928
-1020.581452 -419.184307 2935.560350
-986.312687 -407.808214 2953.135941
-951.726394 -396.868586 2970.080014
-916.834595 -386.371727 2986.389016
-881.649448 -376.323694 3002.059534
-846.183246 -366.730293 3017.088294
-810.448404 -357.597080 3031.472161
-774.457460 -348.929349 3045.208138
-738.223067 -340.732142 3058.293370
-701.757983 -333.010236 3070.725143
-665.075074 -325.768147 3082.500883
-628.187297 -319.010123 3093.618160
-591.107705 -312.740148 3104.074685
-553.849432 -306.961934 3113.868312
-516.425692 -301.678925 3122.997039
-478.849770 -296.894289 3131.459006
-441.135021 -292.610921 3139.252498
-403.294855 -288.831443 3146.375944
-365.342739 -285.558197 3152.827917
-327.292187 -282.793248 3158.607135
-289.156754 -280.538384 3163.712462
-250.950030 -278.795111 3168.142904
-212.685635 -277.564656 3171.897616
-174.377209 -276.847966 3174.975894
-136.038411 -276.645704 3177.377183
-97.682907 -276.958255 3179.101072
-59.324368 -277.785721 3180.147294
-20.976462 -279.127921 3180.515729
17.347152 -280.984394 3180.206403
55.632830 -283.354398 3179.219484
93.866952 -286.236910 3177.555288
132.035923 -289.630627 3175.214275
170.126184 -293.533965 3172.197049
208.124217 -297.945063 3168.504358
246.016549 -302.861783 3164.137097
283.789763 -308.281708 3159.096303
321.430497 -314.202147 3153.383155
358.925458 -320.620136 3146.998978
396.261423 -327.532436 3139.945239
433.425246 -334.935540 3132.223548
470.403865 -342.825669 3123.835655
507.184307 -351.198780 3114.783454
543.753696 -360.050563 3105.068979
580.099255 -369.376444 3094.694404
616.208317 -379.171590 3083.662045
652.068325 -389.430909 3071.974356
687.666843 -400.149053 3059.633929
722.991558 -411.320422 3046.643495
758.030288 -422.939164 3033.005924
792.770985 -434.999181 3018.724221
827.201744 -447.494130 3003.801528
861.310805 -460.417425 2988.241121
895.086561 -473.762245 2972.046411
928.517560 -487.521533 2955.220945
961.592514 -501.687998 2937.768400
994.300301 -516.254127 2919.692586
1026.629974 -531.212177 2900.997444
1058.570760 -546.554190 2881.687046
1090.112069 -562.271987 2861.765593
1121.243500 -578.357182 2841.237413
1151.954840 -594.801176 2820.106963
1182.236076 -611.595169 2798.378826
1212.077392 -628.730159 2776.057708
1241.469180 -646.196953 2753.148443
1270.402039 -663.986162 2729.655986
1298.866783 -682.088215 2705.585412
1326.854443 -700.493357 2680.941920
1354.356272 -719.191658 2655.730827
1381.363747 -738.173014 2629.957570
1407.868577 -757.427157 2603.627700
1433.862700 -776.943655 2576.746887
1459.338293 -796.711920 2549.320915
1484.287773 -816.721211 2521.355680
1508.703799 -836.960643 2492.857192
1532.579276 -857.419187 2463.831571
1555.907360 -878.085680 2434.285045
1578.681457 -898.948829 2404.223953
1600.895230 -919.997214 2373.654739
1622.542600 -941.219297 2342.583951
1643.617747 -962.603428 2311.018243
1664.115116 -984.137845 2278.964371
1684.029415 -1005.810687 2246.429190
1703.355621 -1027.609994 2213.419658
1722.088980 -1049.523718 2179.942827
1740.225011 -1071.539723 2146.005848
1757.759503 -1093.645796 2111.615965
1774.688524 -1115.829650 2076.780518
1791.008417 -1138.078930 2041.506935
1806.715802 -1160.381221 2005.802737
1821.807580 -1182.724053 1969.675533
1836.280932 -1205.094906 1933.133018
1850.133321 -1227.481216 1896.182971
1863.362492 -1249.870384 1858.833259
1875.966475 -1272.249778 1821.091826
1887.943580 -1294.606744 1782.966698
1899.292407 -1316.928605 1744.465981
1910.011836 -1339.202676 1705.597856
1920.101035 -1361.416263 1666.370579
1929.559456 -1383.556671 1626.792480
1938.386837 -1405.611212 1586.871961
1946.583200 -1427.567211 1546.617491
1954.148854 -1449.412009 1506.037611
1961.084389 -1471.132973 1465.140926
1967.390682 -1492.717498 1423.936104
1973.068890 -1514.153019 1382.431879
1978.120456 -1535.427009 1340.637043
1982.547100 -1556.526992 1298.560447
1986.350827 -1577.440548 1256.211001
1989.533916 -1598.155316 1213.597668
1992.098928 -1618.658999 1170.729465
1994.048697 -1638.939378 1127.615462
1995.386335 -1658.984307 1084.264776
1996.115222 -1678.781728 1040.686573
1996.239014 -1698.319671 996.890065
1995.761633 -1717.586263 952.884507
1994.687270 -1736.569733 908.679197
1993.020377 -1755.258415 864.283472
1990.765673 -1773.640758 819.706707
1987.928133 -1791.705331 774.958314
1984.512991 -1809.440823 730.047739
1980.525736 -1826.836056 684.984459
1975.972108 -1843.879985 639.777983
1970.858096 -1860.561708 594.437848
1965.189933 -1876.870465 548.973617
1958.974096 -1892.795651 503.394876
1952.217302 -1908.326812 457.711237
1944.926503 -1923.453661 411.932328
1937.108881 -1938.166072 366.067800
1928.771851 -1952.454092 320.127317
1919.923050 -1966.307946 274.120559
1910.570335 -1979.718036 228.057219
1900.721784 -1992.674951 181.946999
1890.385684 -2005.169471 135.799612
1879.570535 -2017.192569 89.624776
1868.285037 -2028.735416 43.432213
1856.538096 -2039.789389 -2.768351
1844.338809 -2050.346070 -48.967190
1831.696467 -2060.397254 -95.154579
1818.620548 -2069.934949 -141.320796
1805.120712 -2078.951386 -187.456125
1791.206796 -2087.439018 -233.550858
1776.888809 -2095.390523 -279.595294
1762.176930 -2102.798812 -325.579744
1747.081499 -2109.657030 -371.494535
1731.613014 -2115.958558 -417.330004
1715.782125 -2121.697020 -463.076509
1699.599631 -2126.866282 -508.724427
1683.076470 -2131.460459 -554.264154
1666.223721 -2135.473915 -599.686109
1649.052589 -2138.901266 -644.980739
1631.574410 -2141.737386 -690.138515
1613.800636 -2143.977405 -735.149937
1595.742837 -2145.616714 -780.005537
1577.412689 -2146.650969 -824.695878
1558.821974 -2147.076089 -869.211560
1539.982570 -2146.888261 -913.543218
1520.906447 -2146.083943 -957.681524
1501.605662 -2144.659862 -1001.617193
1482.092352 -2142.613019 -1045.340982
1462.378727 -2139.940689 -1088.843688
1442.477067 -2136.640425 -1132.116160
1422.399713 -2132.710055 -1175.149291
1402.159064 -2128.147688 -1217.934023
1381.767568 -2122.951710 -1260.461352
1361.237717 -2117.120790 -1302.722327
1340.582044 -2110.653878 -1344.708050
1319.813111 -2103.550206 -1386.409682
1298.943508 -2095.809289 -1427.818442
1277.985846 -2087.430925 -1468.925610
1256.952748 -2078.415197 -1509.722528
1235.856846 -2068.762468 -1550.200603
1214.710773 -2058.473391 -1590.351305
1193.527159 -2047.548896 -1630.166175
1172.318622 -2035.990202 -1669.636822
1151.097764 -2023.798808 -1708.754925
1129.877166 -2010.976497 -1747.512239
1108.669378 -1997.525334 -1785.900589
1087.486917 -1983.447665 -1823.911879
1066.342257 -1968.746115 -1861.538091
1045.247827 -1953.423592 -1898.771286
1024.216003 -1937.483280 -1935.603604
1003.259102 -1920.928640 -1972.027271
982.389376 -1903.763408 -2008.034595
961.619006 -1885.991598 -2043.617970
940.960098 -1867.617491 -2078.769880
920.424672 -1848.645643 -2113.482895
900.024664 -1829.080876 -2147.749676
879.771914 -1808.928281 -2181.562978
859.678162 -1788.193213 -2214.915648
839.755043 -1766.881288 -2247.800628
820.014081 -1744.998383 -2280.210957
800.466683 -1722.550632 -2312.139773
781.124135 -1699.544425 -2343.580311
761.997593 -1675.986402 -2374.525909
743.098083 -1651.883454 -2404.970007
724.436490 -1627.242717 -2434.906146
706.023558 -1602.071569 -2464.327976
687.869880 -1576.377632 -2493.229251
669.985895 -1550.168758 -2521.603832
652.381885 -1523.453038 -2549.445691
635.067967 -1496.238789 -2576.748908
618.054088 -1468.534554 -2603.507677
601.350023 -1440.349099 -2629.716302
584.965366 -1411.691407 -2655.369202
568.909532 -1382.570677 -2680.460912
553.191744 -1352.996315 -2704.986082
537.821035 -1322.977935 -2728.939479
522.806242 -1292.525353 -2752.315991
508.155998 -1261.648580 -2775.110623
493.878735 -1230.357820 -2797.318503
479.982673 -1198.663468 -2818.934877
466.475819 -1166.576099 -2839.955119
453.365963 -1134.106468 -2860.374722
440.660676 -1101.265503 -2880.189307
428.367301 -1068.064304 -2899.394619
416.492955 -1034.514131 -2917.986531
405.044524 -1000.626405 -2935.961042
394.028655 -966.412701 -2953.314282
383.451761 -931.884742 -2970.042507
373.320011 -897.054393 -2986.142107
363.639330 -861.933660 -3001.609599
354.415395 -826.534677 -3016.441635
345.653634 -790.869709 -3030.634999
337.359221 -754.951141 -3044.186606
329.537074 -718.791473 -3057.093507
322.191854 -682.403316 -3069.352888
315.327961 -645.799385 -3080.962070
308.949533 -608.992494 -3091.918509
303.060442 -571.995548 -3102.219798
297.664296 -534.821543 -3111.863669
292.764432 -497.483552 -3120.847988
288.363919 -459.994724 -3129.170762
284.465552 -422.368278 -3136.830137
281.071855 -384.617497 -3143.824397
278.185078 -346.755717 -3150.151964
275.807193 -308.796329 -3155.811405
273.939898 -270.752768 -3160.801421
272.584612 -232.638505 -3165.120860
271.742476 -194.467047 -3168.768706
271.414352 -156.251925 -3171.744087
271.600824 -118.006690 -3174.046273
272.302194 -79.744910 -3175.674674
273.518486 -41.480156 -3176.628843
275.249443 -3.226004 -3176.908477
277.494527 35.003975 -3176.513413
280.252923 73.196224 -3175.443631
283.523532 111.337198 -3173.699254
287.304981 149.413381 -3171.280548
291.595614 187.411282 -3168.187922
296.393499 225.317449 -3164.421926
301.696428 263.118469 -3159.983255
307.501915 300.800981 -3154.872745
313.807201 338.351674 -3149.091376
320.609251 375.757301 -3142.640269
327.904759 413.004679 -3135.520687
335.690149 450.080698 -3127.734037
343.961575 486.972328 -3119.281867
352.714922 523.666622 -3110.165867
361.945814 560.150724 -3100.387867
371.649606 596.411875 -3089.949840
381.821395 632.437417 -3078.853898
392.456019 668.214803 -3067.102295
403.548059 703.731595 -3054.697425
415.091841 738.975480 -3041.641820
427.081441 773.934267 -3027.938153
439.510685 808.595897 -3013.589235
452.373155 842.948448 -2998.598014
465.662188 876.980138 -2982.967578
479.370885 910.679335 -2966.701150
493.492107 944.034558 -2949.802091
508.018485 977.034485 -2932.273897
522.942418 1009.667957 -2914.120200
538.256083 1041.923984 -2895.344764
553.951431 1073.791748 -2875.951491
570.020198 1105.260611 -2855.944412
586.453903 1136.320118 -2835.327692
603.243857 1166.960001 -2814.105629
620.381164 1197.170188 -2792.282649
637.856727 1226.940801 -2769.863308
655.661251 1256.262166 -2746.852293
673.785247 1285.124816 -2723.254417
692.219040 1313.519494 -2699.074621
710.952769 1341.437157 -2674.317971
729.976395 1368.868985 -2648.989658
749.279706 1395.806377 -2623.094998
768.852318 1422.240963 -2596.639430
788.683686 1448.164601 -2569.628513
808.763102 1473.569387 -2542.067929
829.079708 1498.447653 -2513.963477
849.622494 1522.791974 -2485.321075
870.380309 1546.595171 -2456.146761
891.341862 1569.850313 -2426.446684
912.495731 1592.550720 -2396.227113
933.830366 1614.689968 -2365.494424
955.334096 1636.261890 -2334.255112
976.995133 1657.260581 -2302.515777
998.801581 1677.680399 -2270.283131
1020.741439 1697.515965 -2237.563993
1042.802607 1716.762171 -2204.365290
1064.972892 1735.414179 -2170.694052
1087.240015 1753.467424 -2136.557414
1109.591618 1770.917613 -2101.962613
1132.015266 1787.760734 -2066.916985
1154.498455 1803.993049 -2031.427967
1177.028621 1819.611102 -1995.503093
1199.593143 1834.611719 -1959.149993
1222.179348 1848.992008 -1922.376389
1244.774521 1862.749361 -1885.190100
1267.365909 1875.881455 -1847.599031
1289.940726 1888.386253 -1809.611181
1312.486162 1900.262006 -1771.234633
1334.989389 1911.507252 -1732.477558
1357.437565 1922.120816 -1693.348210
1379.817840 1932.101812 -1653.854926
1402.117368 1941.449645 -1614.006124
1424.323306 1950.164005 -1573.810298
1446.422824 1958.244874 -1533.276024
1468.403113 1965.692522 -1492.411948
1490.251387 1972.507506 -1451.226793
1511.954891 1978.690673 -1409.729352
1533.500910 1984.243155 -1367.928485
1554.876773 1989.166374 -1325.833125
1576.069855 1993.462036 -1283.452266
1597.067594 1997.132130 -1240.794968
1617.857486 2000.178932 -1197.870351
1638.427097 2002.604998 -1154.687596
1658.764069 2004.413167 -1111.255942
1678.856124 2005.606557 -1067.584684
1698.691072 2006.188562 -1023.683169
1718.256817 2006.162855 -979.560796
1737.541361 2005.533380 -935.227015
1756.532811 2004.304356 -890.691324
1775.219387 2002.480269 -845.963264
1793.589424 2000.065875 -801.052421
1811.631381 1997.066194 -755.968422
1829.333845 1993.486507 -710.720933
1846.685538 1989.332357 -665.319658
1863.675321 1984.609543 -619.774336
1880.292201 1979.324117 -574.094736
1896.525336 1973.482382 -528.290661
1912.364040 1967.090890 -482.371941
1927.797789 1960.156435 -436.348433
1942.816226 1952.686053 -390.230018
1957.409165 1944.687018 -344.026597
1971.566598 1936.166836 -297.748094
1985.278701 1927.133243 -251.404449
1998.535835 1917.594200 -205.005616
2011.328553 1907.557892 -158.561566
2023.647607 1897.032720 -112.082277
2035.483948 1886.027298 -65.577739
2046.828735 1874.550449 -19.057945
2057.673336 1862.611202 27.467103
2068.009335 1850.218786 73.987406
2077.828534 1837.382622 120.492960
2087.122961 1824.112326 166.973767
2095.884868 1810.417697 213.419833
2104.106740 1796.308716 259.821168
2111.781297 1781.795540 306.167794
2118.901498 1766.888497 352.449743
2125.460545 1751.598079 398.657061
2131.451885 1735.934939 444.779808
2136.869214 1719.909887 490.808062
2141.706482 1703.533881 536.731924
2145.957894 1686.818022 582.541513
2149.617914 1669.773552 628.226975
2152.681266 1652.411845 673.778483
2155.142942 1634.744401 719.186235
2156.998197 1616.782843 764.440465
2158.242557 1598.538910 809.531437
2158.871822 1580.024451 854.449451
2158.882062 1561.251417 899.184844
2158.269627 1542.231860 943.727993
2157.031142 1522.977922 988.069317
2155.163515 1503.501830 1032.199278
2152.663933 1483.815895 1076.108386
2149.529868 1463.932498 1119.787196
2145.759076 1443.864088 1163.226315
2141.349600 1423.623178 1206.416403
2136.299767 1403.222334 1249.348172
2130.608196 1382.674172 1292.012393
2124.273793 1361.991349 1334.399893
2117.295753 1341.186561 1376.501562
2109.673563 1320.272533 1418.308350
2101.407001 1299.262013 1459.811273
2092.496133 1278.167767 1501.001412
2082.941320 1257.002573 1541.869920
2072.743212 1235.779213 1582.408016
2061.902751 1214.510467 1622.606993
2050.421168 1193.209110 1662.458221
2038.299988 1171.887898 1701.953141
2025.541022 1150.559571 1741.083276
2012.146374 1129.236841 1779.840229
1998.118433 1107.932384 1818.215681
1983.459877 1086.658842 1856.201402
1968.173672 1065.428807 1893.789242
1952.263066 1044.254820 1930.971143
1935.731593 1023.149366 1967.739132
1918.583068 1002.124865 2004.085330
1900.821587 981.193665 2040.001949
1882.451525 960.368039 2075.481294
1863.477534 939.660178 2110.515768
1843.904539 919.082184 2145.097871
1823.737741 898.646065 2179.220200
1802.982608 878.363727 2212.875456
1781.644878 858.246972 2246.056440
1759.730554 838.307489 2278.756058
1737.245900 818.556849 2310.967322
1714.197440 799.006500 2342.683349
1690.591958 779.667761 2373.897366
1666.436487 760.551816 2404.602709
1641.738314 741.669708 2434.792826
1616.504971 723.032337 2464.461279
1590.744235 704.650450 2493.601741
1564.464123 686.534638 2522.208004
1537.672888 668.695331 2550.273973
1510.379014 651.142793 2577.793675
1482.591218 633.887115 2604.761254
1454.318439 616.938214 2631.170976
1425.569835 600.305823 2657.017226
1396.354784 583.999491 2682.294517
1366.682874 568.028574 2706.997482
1336.563901 552.402236 2731.120882
1306.007864 537.129437 2754.659601
1275.024961 522.218938 2777.608655
1243.625583 507.679286 2799.963186
1211.820311 493.518820 2821.718465
1179.619908 479.745659 2842.869896
1147.035319 466.367705 2863.413011
1114.077660 453.392631 2883.343478
1080.758218 440.827886 2902.657097
1047.088443 428.680685 2921.349801
1013.079943 416.958008 2939.417660
978.744478 405.666596 2956.856877
944.093958 394.812950 2973.663796
909.140432 384.403323 2989.834893
873.896087 374.443722 3005.366787
838.373240 364.939903 3020.256232
802.584334 355.897367 3034.500122
766.541929 347.321359 3048.095494
730.258699 339.216865 3061.039521
693.747428 331.588612 3073.329519
657.020997 324.441058 3084.962948
620.092387 317.778402 3095.937405
582.974665 311.604569 3106.250634
545.680983 305.923219 3115.900519
508.224571 300.737738 3124.885090
470.618727 296.051240 3133.202517
432.876819 291.866566 3140.851117
395.012268 288.186277 3147.829350
357.038552 285.012662 3154.135820
318.969194 282.347730 3159.769277
280.817756 280.193209 3164.728615
242.597835 278.550551 3169.012874
204.323056 277.420925 3172.621237
166.007062 276.805220 3175.553035
127.663514 276.704043 3177.807742
89.306081 277.117721 3179.384978
50.948434 278.046298 3180.284510
12.604238 279.489538 3180.506248
-25.712849 281.446921 3180.050249
-63.989189 283.917648 3178.916713
-102.211165 286.900640 3177.105987
-140.365191 290.394536 3174.618562
-178.437714 294.397695 3171.455075
-216.415225 298.908202 3167.616304
-254.284263 303.923859 3163.103175
-292.031420 309.442195 3157.916756
-329.643349 315.460463 3152.058258
-367.106771 321.975643 3145.529036
-404.408477 328.984442 3138.330589
-441.535339 336.483297 3130.464556
-478.474312 344.468375 3121.932719
-515.212443 352.935578 3112.737003
-551.736875 361.880542 3102.879471
-588.034854 371.298642 3092.362329
-624.093734 381.184991 3081.187921
-659.900982 391.534445 3069.358733
-695.444188 402.341605 3056.877387
-730.711065 413.600818 3043.746643
-765.689458 425.306183 3029.969401
-800.367347 437.451552 3015.548695
-834.732857 450.030531 3000.487697
-868.774259 463.036488 2984.789711
-902.479976 476.462552 2968.458180
-935.838591 490.301619 2951.496676
-968.838848 504.546353 2933.908907
-1001.469662 519.189192 2915.698712
-1033.720119 534.222352 2896.870058
-1065.579485 549.637828 2877.427047
-1097.037207 565.427399 2857.373906
-1128.082922 581.582634 2836.714993
-1158.706459 598.094895 2815.454791
-1188.897844 614.955340 2793.597909
-1218.647303 632.154928 2771.149083
-1247.945269 649.684424 2748.113171
-1276.782387 667.534404 2724.495155
-1305.149514 685.695258 2700.300138
-1333.037726 704.157196 2675.533344
-1360.438321 722.910251 2650.200115
-1387.342824 741.944288 2624.305913
-1413.742989 761.249002 2597.856316
-1439.630804 780.813930 2570.857018
-1464.998495 800.628453 2543.313828
-1489.838528 820.681801 2515.232666
-1514.143610 840.963058 2486.619566
-1537.906700 861.461168 2457.480671
-1561.121003 882.164942 2427.822236
-1583.779979 903.063059 2397.650619
-1605.877342 924.144077 2366.972288
-1627.407067 945.396434 2335.793815
-1648.363387 966.808455 2304.121876
-1668.740800 988.368360 2271.963248
-1688.534070 1010.064267 2239.324809
-1707.738228 1031.884197 2206.213536
-1726.348577 1053.816084 2172.636504
-1744.360690 1075.847777 2138.600884
-1761.770413 1097.967046 2104.113941
-1778.573870 1120.161590 2069.183033
-1794.767461 1142.419043 2033.815610
-1810.347863 1164.726977 1998.019212
-1825.312034 1187.072912 1961.801465
-1839.657214 1209.444318 1925.170083
-1853.380921 1231.828625 1888.132866
-1866.480960 1254.213227 1850.697696
-1878.955418 1276.585486 1812.872535
-1890.802664 1298.932742 1774.665428
-1902.021355 1321.242319 1736.084495
-1912.610431 1343.501528 1697.137935
-1922.569116 1365.697674 1657.834019
-1931.896923 1387.818065 1618.181094
-1940.593646 1409.850014 1578.187576
-1948.659367 1431.780849 1537.861951
-1956.094452 1453.597916 1497.212772
-1962.899549 1475.288588 1456.248658
-1969.075594 1496.840267 1414.978293
-1974.623801 1518.240396 1373.410422
-1979.545670 1539.476458 1331.553851
-1983.842981 1560.535988 1289.417444
-1987.517792 1581.406578 1247.010122
-1990.572443 1602.075879 1204.340860
-1993.009549 1622.531611 1161.418687
-1994.832001 1642.761567 1118.252683
-1996.042967 1662.753622 1074.851976
-1996.645884 1682.495734 1031.225742
-1996.644460 1701.975952 987.383203
-1996.042675 1721.182424 943.333622
-1994.844771 1740.103400 899.086306
-1993.055258 1758.727238 854.650602
-1990.678904 1777.042410 810.035892
-1987.720741 1795.037510 765.251595
-1984.186052 1812.701253 720.307165
-1980.080380 1830.022489 675.212085
-1975.409514 1846.990202 629.975872
-1970.179494 1863.593517 584.608066
-1964.396604 1879.821707 539.118238
-1958.067370 1895.664197 493.515978
-1951.198557 1911.110567 447.810902
-1943.797165 1926.150561 402.012643
-1935.870423 1940.774091 356.130856
-1927.425792 1954.971239 310.175207
-1918.470955 1968.732264 264.155381
-1909.013814 1982.047608 218.081071
-1899.062490 1994.907898 171.961984
-1888.625315 2007.303953 125.807832
-1877.710829 2019.226787 79.628334
-1866.327775 2030.667613 33.433215
-1854.485098 2041.617848 -12.767801
-1842.191936 2052.069118 -58.964986
-1829.457619 2062.013262 -105.148617
-1816.291661 2071.442334 -151.308972
-1802.703759 2080.348607 -197.436338
-1788.703787 2088.724582 -243.521007
-1774.301788 2096.562985 -289.553281
-1759.507975 2103.856774 -335.523475
-1744.332720 2110.599141 -381.421916
-1728.786554 2116.783518 -427.238948
-1712.880157 2122.403577 -472.964931
-1696.624356 2127.453236 -518.590246
-1680.030121 2131.926659 -564.105294
-1663.108554 2135.818262 -609.500502
-1645.870890 2139.122714 -654.766319
-1628.328488 2141.834941 -699.893223
-1610.492825 2143.950126 -744.871722
-1592.375493 2145.463714 -789.692353
-1573.988191 2146.371415 -834.345689
-1555.342720 2146.669203 -878.822334
-1536.450979 2146.353320 -923.112934
-1517.324955 2145.420277 -967.208169
-1497.976722 2143.866860 -1011.098762
-1478.418433 2141.690123 -1054.775480
-1458.662313 2138.887401 -1098.229131
-1438.720655 2135.456300 -1141.450571
-1418.605812 2131.394707 -1184.430706
-1398.330194 2126.700786 -1227.160490
-1377.906258 2121.372983 -1269.630928
-1357.346506 2115.410023 -1311.833082
-1336.663477 2108.810915 -1353.758066
-1315.869741 2101.574946 -1395.397053
-1294.977891 2093.701692 -1436.741276
-1274.000541 2085.191007 -1477.782028
-1252.950317 2076.043032 -1518.510664
-1231.839852 2066.258191 -1558.918604
-1210.681779 2055.837190 -1598.997336
-1189.488726 2044.781022 -1638.738414
-1168.273309 2033.090961 -1678.133462
-1147.048126 2020.768564 -1717.174175
-1125.825752 2007.815672 -1755.852323
-1104.618731 1994.234408 -1794.159749
-1083.439572 1980.027175 -1832.088373
-1062.300741 1965.196656 -1869.630193
-1041.214656 1949.745815 -1906.777288
-1020.193683 1933.677893 -1943.521817
-999.250124 1916.996408 -1979.856023
-978.396220 1899.705153 -2015.772232
-957.644135 1881.808194 -2051.262858
-937.005958 1863.309872 -2086.320403
-916.493695 1844.214796 -2120.937457
-896.119262 1824.527843 -2155.106702
-875.894477 1804.254159 -2188.820911
-855.831062 1783.399151 -2222.072953
-835.940629 1761.968489 -2254.855789
-816.234678 1739.968104 -2287.162482
-796.724593 1717.404182 -2318.986188
-777.421633 1694.283164 -2350.320166
-758.336930 1670.611741 -2381.157775
-739.481480 1646.396856 -2411.492477
-720.866141 1621.645693 -2441.317838
-702.501625 1596.365682 -2470.627529
-684.398496 1570.564490 -2499.415326
-666.567162 1544.250020 -2527.675116
-649.017870 1517.430409 -2555.400893
-631.760703 1490.114019 -2582.586762
-614.805575 1462.309442 -2609.226940
-598.162223 1434.025486 -2635.315757
-581.840207 1405.271180 -2660.847656
-565.848902 1376.055765 -2685.817198
-550.197493 1346.388690 -2710.219056
-534.894973 1316.279611 -2734.048026
-519.950138 1285.738383 -2757.299019
-505.371583 1254.775058 -2779.967068
-491.167693 1223.399880 -2802.047324
-477.346648 1191.623280 -2823.535064
-463.916410 1159.455870 -2844.425685
-450.884727 1126.908442 -2864.714709
-438.259120 1093.991959 -2884.397783
-426.046890 1060.717554 -2903.470681
-414.255106 1027.096521 -2921.929302
-402.890604 993.140312 -2939.769673
-391.959987 958.860533 -2956.987952
-381.469616 924.268936 -2973.580423
-371.425611 889.377417 -2989.543505
-361.833849 854.198006 -3004.873742
-352.699954 818.742867 -3019.567817
-344.029303 783.024289 -3033.622539
-335.827019 747.054680 -3047.034856
-328.097968 710.846564 -3059.801846
-320.846758 674.412574 -3071.920725
-314.077735 637.765445 -3083.388843
-307.794983 600.918011 -3094.203685
-302.002323 563.883197 -3104.362875
-296.703305 526.674012 -3113.864172
-291.901212 489.303548 -3122.705475
-287.599059 451.784968 -3130.884821
-283.799586 414.131504 -3138.400383
-280.505260 376.356451 -3145.250477
-277.718275 338.473157 -3151.433557
-275.440548 300.495022 -3156.948216
-273.673719 262.435489 -3161.793190
-272.419151 224.308037 -3165.967355
-271.677930 186.126178 -3169.469726
-271.450859 147.903449 -3172.299463
-271.738466 109.653404 -3174.455864
-272.540997 71.389611 -3175.938372
-273.858417 33.125646 -3176.746570
-275.690414 -5.124919 -3176.880186
-278.036392 -43.348514 -3176.339087
-280.895478 -81.531583 -3175.123285
-284.266519 -119.660588 -3173.232933
-288.148083 -157.722016 -3170.668329
-292.538459 -195.702385 -3167.429911
-297.435658 -233.588249 -3163.518263
-302.837414 -271.366206 -3158.934107
-308.741188 -309.022904 -3153.678313
-315.144163 -346.545045 -3147.751890
-322.043249 -383.919394 -3141.155991
-329.435086 -421.132783 -3133.891909
-337.316042 -458.172118 -3125.961083
-345.682216 -495.024385 -3117.365090
-354.529441 -531.676654 -3108.105650
-363.853284 -568.116091 -3098.184626
-373.649049 -604.329954 -3087.604020
-383.911780 -640.305610 -3076.365976
-394.636263 -676.030531 -3064.472777
-405.817025 -711.492306 -3051.926846
-417.448342 -746.678646 -3038.730748
-429.524240 -781.577386 -3024.887183
-442.038494 -816.176495 -3010.398995
-454.984636 -850.464079 -2995.269160
-468.355955 -884.428386 -2979.500796
-482.145503 -918.057814 -2963.097156
-496.346094 -951.340915 -2946.061630
-510.950312 -984.266400 -2928.397744
-525.950509 -1016.823143 -2910.109158
-541.338817 -1049.000188 -2891.199666
-557.107144 -1080.786756 -2871.673198
-573.247179 -1112.172244 -2851.533815
-589.750400 -1143.146235 -2830.785710
-606.608076 -1173.698501 -2809.433209
-623.811269 -1203.819009 -2787.480765
-641.350841 -1233.497923 -2764.932965
-659.217458 -1262.725610 -2741.794521
-677.401594 -1291.492645 -2718.070275
-695.893533 -1319.789816 -2693.765194
-714.683380 -1347.608125 -2668.884373
-733.761060 -1374.938795 -2643.433029
-753.116324 -1401.773273 -2617.416504
-772.738757 -1428.103234 -2590.840265
-792.617780 -1453.920587 -2563.709896
-812.742653 -1479.217473 -2536.031104
-833.102488 -1503.986274 -2507.809716
-853.686246 -1528.219617 -2479.051675
-874.482746 -1551.910371 -2449.763042
-895.480671 -1575.051656 -2419.949995
-916.668572 -1597.636847 -2389.618822
-938.034875 -1619.659569 -2358.775930
-959.567884 -1641.113711 -2327.427832
-981.255789 -1661.993419 -2295.581155
-1003.086673 -1682.293105 -2263.242634
-1025.048513 -1702.007447 -2230.419111
-1047.129190 -1721.131390 -2197.117536
-1069.316494 -1739.660153 -2163.344962
-1091.598130 -1757.589226 -2129.108545
-1113.961723 -1774.914373 -2094.415544
-1136.394823 -1791.631637 -2059.273318
-1158.884916 -1807.737340 -2023.689324
-1181.419423 -1823.228082 -1987.671118
-1203.985714 -1838.100746 -1951.226348
-1226.571107 -1852.352498 -1914.362760
-1249.162877 -1865.980789 -1877.088189
-1271.748267 -1878.983355 -1839.410563
-1294.314484 -1891.358216 -1801.337897
-1316.848714 -1903.103683 -1762.878294
